40 647
1 2 13
1 3 7
1 4 9
1 5 9
1 13 37
1 14 35
1 17 9
1 20 43
1 22 45
1 24 47
1 26 17
1 27 39
1 33 35
2 5 25
2 6 43
2 7 29
2 8 17
2 10 47
2 11 47
2 13 27
2 14 29
2 15 13
2 20 13
2 21 39
2 23 13
2 24 43
2 25 9
2 26 5
2 29 27
2 34 29
2 37 17
2 38 7
2 39 7
2 40 23
3 7 11
3 8 5
3 13 7
3 14 21
3 25 -1
3 27 29
3 28 43
3 29 25
3 31 35
3 33 41
3 35 23
4 2 26
4 3 34
4 5 1
4 6 35
4 8 35
4 10 37
4 14 45
4 15 39
4 20 13
4 29 33
4 30 47
4 31 11
4 37 15
4 39 15
5 3 6
5 6 15
5 10 33
5 14 19
5 15 15
5 20 29
5 22 43
5 28 27
5 29 5
5 30 47
5 32 21
5 34 35
5 35 33
5 37 27
5 38 37
6 1 10
6 3 44
6 8 21
6 11 39
6 13 19
6 15 25
6 16 43
6 17 11
6 18 31
6 21 5
6 25 39
6 26 17
6 29 7
6 32 21
6 34 31
6 35 35
6 37 19
6 39 45
7 1 2
7 4 26
7 5 2
7 6 40
7 11 35
7 12 37
7 15 3
7 17 45
7 18 19
7 20 39
7 22 5
7 25 13
7 26 37
7 27 13
7 30 39
7 37 37
7 39 19
8 1 4
8 7 48
8 9 29
8 11 -1
8 25 39
8 26 35
8 27 25
8 29 39
8 35 35
9 1 8
9 2 24
9 3 32
9 4 12
9 5 2
9 6 28
9 10 17
9 11 31
9 12 21
9 13 25
9 20 23
9 26 1
9 27 21
9 29 43
9 33 41
9 35 41
9 36 49
9 39 27
9 40 15
10 1 30
10 3 44
10 7 30
10 15 41
10 19 29
10 21 5
10 29 1
10 31 39
10 36 39
10 37 41
10 38 33
11 3 32
11 4 12
11 5 30
11 10 20
11 13 5
11 18 21
11 24 9
11 27 19
11 30 -1
11 31 45
11 33 9
11 36 27
11 38 9
12 2 50
12 5 14
12 6 34
12 8 48
12 10 48
12 14 13
12 15 29
12 16 11
12 20 17
12 21 21
12 22 -1
12 24 17
12 25 13
12 30 25
12 31 17
12 32 35
12 33 9
12 35 49
12 37 11
12 38 47
13 7 32
13 8 24
13 10 38
13 14 1
13 17 9
13 21 25
13 22 29
13 24 43
13 31 21
13 33 11
13 36 3
13 38 23
13 39 15
13 40 21
14 6 48
14 7 -2
14 9 46
14 11 30
14 19 49
14 20 11
14 22 5
14 24 25
14 29 25
14 33 -1
14 37 31
14 40 25
15 1 28
15 3 28
15 8 14
15 9 46
15 11 34
15 13 24
15 14 36
15 16 31
15 19 43
15 21 5
15 26 37
15 30 -1
15 31 39
15 39 37
16 2 22
16 7 34
16 8 48
16 10 50
16 11 22
16 13 1
16 14 4
16 18 21
16 19 37
16 24 15
16 26 35
16 33 5
16 35 49
16 36 27
16 37 35
16 39 45
17 2 22
17 3 48
17 4 32
17 8 14
17 11 8
17 12 -2
17 14 -2
17 15 12
17 18 35
17 19 1
17 22 37
17 24 19
17 27 41
17 28 21
17 30 47
17 31 21
17 33 45
17 38 15
18 1 14
18 2 8
18 4 16
18 5 46
18 8 32
18 9 46
18 12 10
18 13 50
18 15 40
18 21 47
18 23 27
18 28 1
18 30 21
18 38 9
19 5 38
19 7 40
19 8 26
19 12 14
19 13 12
19 21 35
19 22 3
19 24 17
19 26 33
19 27 31
19 29 43
19 30 41
19 32 45
19 33 19
19 34 47
19 36 11
19 40 35
20 3 4
20 6 18
20 8 42
20 10 1
20 13 30
20 15 28
20 18 1
20 19 6
20 21 27
20 22 35
20 23 15
20 29 19
20 34 11
20 36 7
20 37 9
20 40 -1
21 1 22
21 4 42
21 5 1
21 7 46
21 8 40
21 9 1
21 11 6
21 16 28
21 25 25
21 30 27
21 32 35
21 35 15
21 36 23
21 37 47
21 39 29
21 40 21
22 2 1
22 3 42
22 4 40
22 8 16
22 9 16
22 10 50
22 16 44
22 18 38
22 21 42
22 29 11
22 34 33
22 38 45
22 39 45
23 1 18
23 3 48
23 6 38
23 7 28
23 8 40
23 9 50
23 10 32
23 11 50
23 12 30
23 14 1
23 15 4
23 16 50
23 17 2
23 19 -2
23 21 6
23 22 14
23 29 31
23 30 39
23 31 11
23 34 29
23 36 5
23 37 9
23 38 9
23 39 25
23 40 15
24 3 48
24 4 34
24 5 -2
24 6 40
24 7 10
24 8 1
24 9 38
24 10 20
24 15 1
24 18 34
24 20 50
24 21 40
24 22 14
24 23 10
24 26 -1
24 33 29
25 1 18
25 4 38
25 5 14
25 9 44
25 11 12
25 14 1
25 16 26
25 17 26
25 19 42
25 20 40
25 22 8
25 23 1
25 26 25
25 27 43
25 28 27
25 29 3
25 30 19
25 36 19
26 3 42
26 4 30
26 5 42
26 10 48
26 11 38
26 12 32
26 13 14
26 14 6
26 17 46
26 18 12
26 20 44
26 22 28
26 28 37
26 29 47
26 30 43
26 32 11
26 33 15
26 39 33
26 40 -1
27 2 14
27 4 12
27 5 24
27 6 8
27 10 20
27 13 8
27 15 16
27 16 14
27 18 36
27 20 20
27 23 4
27 24 44
27 37 31
27 39 9
28 1 2
28 2 1
28 4 2
28 7 22
28 10 28
28 11 30
28 12 1
28 13 50
28 14 -2
28 15 -2
28 16 18
28 20 26
28 22 28
28 24 36
28 31 3
28 33 39
28 35 49
28 37 5
28 38 -1
28 39 13
28 40 7
29 1 -2
29 11 30
29 12 38
29 13 1
29 15 2
29 16 32
29 17 32
29 18 10
29 21 -2
29 24 22
29 28 36
29 30 17
29 31 35
29 34 1
29 40 43
30 3 2
30 6 16
30 8 16
30 10 6
30 13 30
30 14 8
30 16 30
30 20 30
30 22 20
30 27 28
30 28 26
30 32 43
30 35 13
30 36 45
30 39 33
31 2 6
31 5 28
31 6 42
31 9 28
31 16 48
31 18 10
31 19 8
31 20 48
31 21 4
31 22 46
31 24 28
31 25 46
31 30 50
31 33 27
31 35 25
31 36 5
31 37 1
32 1 28
32 2 20
32 8 34
32 9 1
32 10 6
32 11 6
32 14 32
32 16 14
32 17 38
32 18 44
32 22 50
32 25 48
32 28 24
32 29 26
32 31 48
32 33 17
32 35 41
32 37 25
33 2 46
33 5 8
33 7 1
33 15 22
33 18 20
33 20 8
33 21 32
33 22 20
33 25 30
33 27 34
33 30 22
33 35 -1
33 38 27
33 39 27
34 3 10
34 4 18
34 7 6
34 9 1
34 10 28
34 11 24
34 12 30
34 15 4
34 16 2
34 18 14
34 21 40
34 24 2
34 25 46
34 26 32
34 27 48
34 30 1
34 31 2
34 32 38
34 33 44
34 35 3
34 36 39
34 38 -1
34 39 35
35 1 26
35 4 4
35 7 34
35 14 2
35 15 18
35 17 18
35 18 38
35 22 44
35 23 12
35 24 48
35 25 32
35 26 14
35 27 34
35 29 6
35 37 21
35 38 49
35 39 31
36 2 28
36 3 16
36 6 16
36 7 12
36 8 44
36 14 4
36 17 30
36 18 8
36 22 22
36 24 38
36 26 48
36 27 28
36 28 42
36 29 30
36 32 48
36 33 36
36 37 3
36 39 25
37 1 10
37 3 18
37 8 40
37 9 28
37 11 34
37 13 42
37 17 24
37 18 10
37 19 42
37 22 30
37 24 24
37 25 46
37 26 2
37 29 46
37 33 22
37 38 37
38 1 20
38 3 48
38 6 42
38 8 6
38 9 10
38 14 32
38 16 28
38 19 2
38 21 34
38 24 16
38 25 10
38 29 14
38 30 42
38 32 24
38 36 26
38 40 31
39 1 28
39 3 30
39 5 32
39 8 44
39 10 6
39 12 30
39 14 40
39 17 38
39 19 8
39 20 36
39 24 24
39 29 38
39 31 14
39 32 12
39 37 16
39 38 20
40 4 48
40 5 38
40 6 24
40 11 40
40 15 28
40 16 2
40 17 18
40 18 16
40 22 36
40 24 38
40 25 28
40 27 14
40 30 8
40 32 46
40 34 2
40 35 28
40 37 46
40 39 22
